li_x =[810,810,810,810,810,810,810,810,810,810,810,810,810,810,810,810,810,810,810,810,810,810,810,810,810,810,810,810,810,810,810,810,810,810,810,810,810,810,810,810,810,810,810,810,810,810,810,810,810,810,810,810,810,810,810,810,810,810,810,810,810,810,810,810,810,810,810,810,810,810,810,810,810,810,810,810,810,810,810,810,810,810,810,810,810,810,810,810,810,810,810,810,810,810,810,810,810,810,810,810,810,810,810,810,810,810,810,810,810,810,810,810,810,810,810,810,810,810,810,810,810,810,810,810,810,810,810,810,811,811,811,811,813,814,796,790,607,343,312,312,312,312,312,312,312,312,312,312,312,312,312,312,312,312,312,312,363,337,274,273,273,273,273,273,273,201,201,186,186,185,141,149,149,149,149,149,149,149,149,149,167,164,163,160,158,152,143,143,143,144,144,144,144,144,142,142,142,142,142,142,121,114,120,120,120,120,120,250,693,696,696,541,504,504,504,504,504,504,504,504,504,504,504,504,504,504,504,504,504,504,504,504,504,682,607,607,607,607,607,607,607,607,607,607,607,607,607,607,607,607,607,607,605,605,605,605,605,605,605,488,683,708,718,719,719,719,578,574,570,564,563,562,539,539,548,548,545,545,545,545,545,545,545,545,545,545,545,545,545,545,545,545,545,545,545,545,545,545,545,545,545,545,545,545,545,545,545,545,545,545,545,545,545,545,545,545,545,545,545,545,545,545,545,545,423,614,549,590,626,625,625,625,625,635,653,653,653,653,653,653,653,653,653,653,653,653,653,653,653,653,653,653,653,653,653,653,653,653,653,653,653,653,653,653,653,653,653,653,653,653,653,653,653,653,653,653,653,653,653,653,653,653,653,653,653,653,653,653,653,653,653,653,653,653,653,653,653,653,653,653,580,543,543,543,543,543,543,543,543,543,543,543,543,536,541,541,542,542,542,542,542,542,542,542,542,542,542,542,542,542,542,542,542,542,542,542,542,542,542,542,542,542,542,542,542,542,542,542,542,542,542,542,542,542,542,542,542,542,542,542,542,542,542,542,542,542,542,542,542,542,542,542,542,542,542,542,542,542,542,542,542,542,542,542,542,542,542,542,542,542,542,542,542,542,542,542,542,542,542,542,542,542,542,542,542,542,542,542,542,542,542,542,542,542,542,542,542,542,542,542,542,542,542,823,117,127,125,159,196,196,208,211,492,492,492,492,492,492,492,492,492,492,492,492,492,492,492,492,492,492,492,492,492,492,492,492,492,492,492,492,492,492,492,492,492,492,492,492,492,492,492,492,401,401,269,202,194,308,309,309,309,309,309,309,309,309,309,309,309,309,309,309,309,309,309,309,309,1365,1365,1365]


















li_y =[144,144,144,144,144,144,144,144,144,144,144,144,144,144,144,144,144,144,144,144,144,144,144,144,144,144,144,144,144,144,144,144,144,144,144,144,144,144,144,144,144,144,144,144,144,144,144,144,144,144,144,144,144,144,144,144,144,144,144,144,144,144,144,144,144,144,144,144,144,144,144,144,144,144,144,144,144,144,144,144,144,144,144,144,144,144,144,144,144,144,144,144,144,144,144,144,144,144,144,144,144,144,144,144,144,144,144,144,144,144,144,144,144,144,144,144,144,144,144,144,144,144,144,144,144,144,144,144,163,163,163,165,165,165,172,170,536,698,750,750,750,750,750,750,750,750,750,750,750,750,750,750,750,750,750,750,660,0,21,22,22,22,22,22,22,0,0,356,379,373,488,475,469,469,469,469,470,470,470,470,495,489,495,496,494,497,501,505,508,507,508,508,510,510,508,508,508,508,508,508,505,499,475,475,475,475,475,456,401,400,400,234,100,100,100,100,100,100,100,100,100,100,100,100,100,100,100,100,100,100,100,100,100,42,103,103,103,103,103,103,103,103,103,103,103,103,103,103,103,103,103,103,97,95,95,95,95,95,95,141,316,363,356,346,346,346,362,362,359,356,356,358,382,382,381,381,353,353,353,353,353,353,353,353,353,353,353,353,353,353,353,353,353,353,353,353,353,353,353,353,353,353,353,353,353,353,353,353,353,353,353,353,353,353,353,353,353,353,353,353,353,353,353,353,288,94,259,328,351,351,351,351,351,359,384,384,384,384,384,384,384,384,384,384,384,384,384,384,384,384,384,384,384,384,384,384,384,384,384,384,384,384,384,384,384,384,384,384,384,384,384,384,384,384,384,384,384,384,384,384,384,384,384,384,384,384,384,384,384,384,384,384,384,384,384,384,384,384,384,384,380,387,387,387,387,387,387,387,387,387,387,387,387,335,350,350,351,351,351,351,351,351,351,351,351,351,351,351,351,351,351,351,351,351,351,351,351,351,351,351,351,351,351,351,351,351,351,351,351,351,351,351,351,351,351,351,351,351,351,351,351,351,351,351,351,351,351,351,351,351,351,351,351,351,351,351,351,351,351,351,351,351,351,351,351,351,351,351,351,351,351,351,351,351,351,351,351,351,351,351,351,351,351,351,351,351,351,351,351,351,351,351,351,351,351,351,351,351,351,351,351,351,351,243,672,616,596,591,592,592,592,592,379,379,379,379,379,379,379,379,379,379,379,379,379,379,379,379,379,379,379,379,379,379,379,379,379,379,379,379,379,379,379,379,379,379,379,379,379,379,379,379,407,407,525,589,592,479,479,479,479,479,479,479,479,479,479,479,479,479,479,479,479,479,479,479,479,767,767,767]




portion1 = portion2 = portion3 = portion4 =portion5=portion6=portion7=portion8=portion9=portion10=portion11=portion12=portion13=portion14=portion15=portion16= 0

for idx in range(len(li_x)):

    if li_x[idx] >= 0 and li_x[idx] <= 682:
        if li_x[idx]>=0 and li_x[idx]<=341:
            if li_y[idx] >= 0 and li_y[idx] <= 383:
                if li_y[idx]>=0 and li_y[idx]<=192:
                    portion1 += 1
                else:
                    portion2 += 1

            else:
                if li_y[idx]>=384 and li_y[idx]<=576:
                    portion3 += 1

                else:
                    portion4 += 1


        else:
            if li_y[idx] >= 0 and li_y[idx] <= 383:
                if li_y[idx] >= 0 and li_y[idx] <= 192:
                    portion5 += 1
                else:
                    portion6 += 1

            else:
                if li_y[idx] >= 384 and li_y[idx] <= 576:
                    portion7 += 1

                else:
                    portion8 += 1






    else:
        if li_x[idx] >= 683 and li_x[idx] >= 1024:
            if li_y[idx] >= 0 and li_y[idx] <= 383:
                if li_y[idx] >= 0 and li_y[idx] <= 192:
                    portion9 += 1
                else:
                    portion10 += 1
            else:
                if li_y[idx] >= 384 and li_y[idx] <= 576:
                    portion11 += 1

                else:
                    portion12 += 1

        else:
            if li_y[idx] >= 0 and li_y[idx] <= 383:
                if li_y[idx] >= 0 and li_y[idx] <= 192:
                    portion13 += 1
                else:
                    portion14 += 1
            else:
                if li_y[idx] >= 384 and li_y[idx] <= 576:
                    portion15 += 1

                else:
                    portion16 += 1











print('Portion 1 :', portion1)
print('Portion 2 :', portion2)
print('Portion 3 :', portion3)
print('Portion 4 :', portion4)
print('Portion 5 :', portion5)
print('Portion 6 :', portion6)
print('Portion 7 :', portion7)
print('Portion 8 :', portion8)
print('Portion 9 :', portion9)
print('Portion 10 :', portion10)
print('Portion 11:', portion11)
print('Portion 12 :', portion12)
print('Portion 13:', portion13)
print('Portion 14 :', portion14)
print('Portion 15 :', portion15)
print('Portion 16 :', portion16)